	
Angle	Intensity
10.00435563	1050
10.0210669	1081
10.03777817	1033
10.05448944	1070
10.07120071	1020
10.08791198	1013
10.10462324	1105
10.12133451	1008
10.13804578	1071
10.15475705	1046
10.17146832	1076
10.18817959	1030
10.20489086	1083
10.22160213	1062
10.2383134	1042
10.25502467	1017
10.27173593	960
10.2884472	1050
10.30515847	987
10.32186974	1019
10.33858101	996
10.35529228	1036
10.37200355	1040
10.38871482	1032
10.40542609	996
10.42213735	1070
10.43884862	999
10.45555989	995
10.47227116	1048
10.48898243	1033
10.5056937	1002
10.52240497	1020
10.53911624	968
10.55582751	975
10.57253878	972
10.58925004	970
10.60596131	995
10.62267258	1011
10.63938385	1010
10.65609512	959
10.67280639	994
10.68951766	1003
10.70622893	983
10.7229402	1060
10.73965147	951
10.75636273	1014
10.773074	1037
10.78978527	983
10.80649654	1001
10.82320781	994
10.83991908	938
10.85663035	903
10.87334162	1001
10.89005289	1047
10.90676416	970
10.92347542	1009
10.94018669	913
10.95689796	986
10.97360923	971
10.9903205	933
11.00703177	1001
11.02374304	982
11.04045431	940
11.05716558	968
11.07387685	950
11.09058811	917
11.10729938	928
11.12401065	941
11.14072192	950
11.15743319	948
11.17414446	899
11.19085573	893
11.207567	921
11.22427827	923
11.24098953	961
11.2577008	879
11.27441207	893
11.29112334	911
11.30783461	963
11.32454588	964
11.34125715	946
11.35796842	945
11.37467969	890
11.39139096	924
11.40810222	892
11.42481349	950
11.44152476	958
11.45823603	946
11.4749473	919
11.49165857	934
11.50836984	946
11.52508111	932
11.54179238	871
11.55850365	863
11.57521491	946
11.59192618	863
11.60863745	934
11.62534872	921
11.64205999	888
11.65877126	883
11.67548253	886
11.6921938	935
11.70890507	902
11.72561634	847
11.7423276	868
11.75903887	848
11.77575014	918
11.79246141	937
11.80917268	917
11.82588395	811
11.84259522	850
11.85930649	940
11.87601776	947
11.89272903	844
11.90944029	850
11.92615156	888
11.94286283	870
11.9595741	875
11.97628537	863
11.99299664	846
12.00970791	863
12.02641918	912
12.04313045	874
12.05984171	901
12.07655298	893
12.09326425	902
12.10997552	887
12.12668679	822
12.14339806	908
12.16010933	886
12.1768206	837
12.19353187	848
12.21024314	824
12.2269544	905
12.24366567	893
12.26037694	879
12.27708821	849
12.29379948	895
12.31051075	870
12.32722202	862
12.34393329	838
12.36064456	881
12.37735583	897
12.39406709	848
12.41077836	859
12.42748963	813
12.4442009	857
12.46091217	848
12.47762344	852
12.49433471	829
12.51104598	880
12.52775725	821
12.54446852	849
12.56117978	803
12.57789105	923
12.59460232	833
12.61131359	807
12.62802486	825
12.64473613	851
12.6614474	863
12.67815867	837
12.69486994	877
12.7115812	845
12.72829247	805
12.74500374	798
12.76171501	852
12.77842628	859
12.79513755	816
12.81184882	817
12.82856009	832
12.84527136	845
12.86198263	831
12.87869389	875
12.89540516	799
12.91211643	823
12.9288277	862
12.94553897	780
12.96225024	848
12.97896151	824
12.99567278	790
13.01238405	839
13.02909532	852
13.04580658	815
13.06251785	810
13.07922912	842
13.09594039	762
13.11265166	791
13.12936293	821
13.1460742	756
13.16278547	810
13.17949674	798
13.19620801	801
13.21291927	856
13.22963054	887
13.24634181	856
13.26305308	772
13.27976435	779
13.29647562	817
13.31318689	815
13.32989816	839
13.34660943	794
13.3633207	855
13.38003196	782
13.39674323	822
13.4134545	790
13.43016577	837
13.44687704	780
13.46358831	797
13.48029958	781
13.49701085	838
13.51372212	778
13.53043338	823
13.54714465	753
13.56385592	850
13.58056719	733
13.59727846	765
13.61398973	732
13.630701	778
13.64741227	744
13.66412354	758
13.68083481	770
13.69754607	767
13.71425734	809
13.73096861	784
13.74767988	760
13.76439115	742
13.78110242	823
13.79781369	817
13.81452496	831
13.83123623	767
13.8479475	740
13.86465876	741
13.88137003	726
13.8980813	806
13.91479257	829
13.93150384	761
13.94821511	777
13.96492638	783
13.98163765	803
13.99834892	762
14.01506019	768
14.03177145	754
14.04848272	757
14.06519399	754
14.08190526	781
14.09861653	793
14.1153278	767
14.13203907	779
14.14875034	819
14.16546161	797
14.18217288	773
14.19888414	767
14.21559541	762
14.23230668	772
14.24901795	790
14.26572922	740
14.28244049	783
14.29915176	709
14.31586303	809
14.3325743	741
14.34928556	766
14.36599683	803
14.3827081	744
14.39941937	808
14.41613064	774
14.43284191	703
14.44955318	746
14.46626445	774
14.48297572	767
14.49968699	817
14.51639825	759
14.53310952	822
14.54982079	736
14.56653206	721
14.58324333	790
14.5999546	743
14.61666587	722
14.63337714	762
14.65008841	780
14.66679968	819
14.68351094	714
14.70022221	782
14.71693348	758
14.73364475	769
14.75035602	741
14.76706729	746
14.78377856	770
14.80048983	755
14.8172011	704
14.83391237	760
14.85062363	726
14.8673349	758
14.88404617	784
14.90075744	692
14.91746871	775
14.93417998	749
14.95089125	736
14.96760252	755
14.98431379	747
15.00102505	798
15.01773632	732
15.03444759	739
15.05115886	791
15.06787013	759
15.0845814	796
15.10129267	735
15.11800394	685
15.13471521	805
15.15142648	724
15.16813774	775
15.18484901	743
15.20156028	698
15.21827155	704
15.23498282	714
15.25169409	759
15.26840536	698
15.28511663	768
15.3018279	681
15.31853917	729
15.33525043	688
15.3519617	769
15.36867297	740
15.38538424	758
15.40209551	771
15.41880678	722
15.43551805	750
15.45222932	777
15.46894059	724
15.48565186	707
15.50236312	741
15.51907439	753
15.53578566	768
15.55249693	779
15.5692082	714
15.58591947	726
15.60263074	702
15.61934201	722
15.63605328	699
15.65276455	739
15.66947581	728
15.68618708	766
15.70289835	753
15.71960962	655
15.73632089	667
15.75303216	736
15.76974343	728
15.7864547	753
15.80316597	673
15.81987723	696
15.8365885	727
15.85329977	720
15.87001104	735
15.88672231	740
15.90343358	727
15.92014485	735
15.93685612	737
15.95356739	787
15.97027866	756
15.98698992	703
16.00370119	693
16.02041246	777
16.03712373	767
16.053835	755
16.07054627	717
16.08725754	686
16.10396881	699
16.12068008	706
16.13739135	685
16.15410261	782
16.17081388	705
16.18752515	709
16.20423642	722
16.22094769	704
16.23765896	718
16.25437023	759
16.2710815	716
16.28779277	680
16.30450404	729
16.3212153	718
16.33792657	672
16.35463784	690
16.37134911	770
16.38806038	694
16.40477165	705
16.42148292	668
16.43819419	696
16.45490546	723
16.47161672	748
16.48832799	691
16.50503926	754
16.52175053	704
16.5384618	743
16.55517307	710
16.57188434	736
16.58859561	735
16.60530688	716
16.62201815	709
16.63872941	678
16.65544068	717
16.67215195	695
16.68886322	718
16.70557449	722
16.72228576	733
16.73899703	715
16.7557083	742
16.77241957	710
16.78913084	703
16.8058421	665
16.82255337	698
16.83926464	719
16.85597591	722
16.87268718	719
16.88939845	775
16.90610972	696
16.92282099	783
16.93953226	775
16.95624353	694
16.97295479	693
16.98966606	708
17.00637733	745
17.0230886	718
17.03979987	729
17.05651114	720
17.07322241	724
17.08993368	680
17.10664495	712
17.12335622	708
17.14006748	775
17.15677875	741
17.17349002	717
17.19020129	689
17.20691256	701
17.22362383	742
17.2403351	734
17.25704637	754
17.27375764	730
17.2904689	761
17.30718017	731
17.32389144	729
17.34060271	704
17.35731398	720
17.37402525	730
17.39073652	709
17.40744779	756
17.42415906	728
17.44087033	726
17.45758159	690
17.47429286	744
17.49100413	729
17.5077154	727
17.52442667	714
17.54113794	739
17.55784921	717
17.57456048	704
17.59127175	717
17.60798302	692
17.62469428	720
17.64140555	724
17.65811682	699
17.67482809	741
17.69153936	702
17.70825063	747
17.7249619	745
17.74167317	755
17.75838444	722
17.77509571	691
17.79180697	740
17.80851824	712
17.82522951	743
17.84194078	774
17.85865205	704
17.87536332	774
17.89207459	769
17.90878586	735
17.92549713	655
17.9422084	734
17.95891966	711
17.97563093	689
17.9923422	694
18.00905347	747
18.02576474	767
18.04247601	703
18.05918728	760
18.07589855	737
18.09260982	711
18.10932108	767
18.12603235	742
18.14274362	739
18.15945489	736
18.17616616	711
18.19287743	726
18.2095887	720
18.22629997	718
18.24301124	756
18.25972251	690
18.27643377	719
18.29314504	721
18.30985631	762
18.32656758	753
18.34327885	680
18.35999012	703
18.37670139	736
18.39341266	718
18.41012393	777
18.4268352	748
18.44354646	726
18.46025773	748
18.476969	754
18.49368027	765
18.51039154	747
18.52710281	763
18.54381408	790
18.56052535	730
18.57723662	771
18.59394789	736
18.61065915	765
18.62737042	703
18.64408169	779
18.66079296	732
18.67750423	744
18.6942155	704
18.71092677	669
18.72763804	737
18.74434931	739
18.76106057	760
18.77777184	800
18.79448311	732
18.81119438	727
18.82790565	720
18.84461692	719
18.86132819	794
18.87803946	772
18.89475073	688
18.911462	684
18.92817326	739
18.94488453	734
18.9615958	765
18.97830707	779
18.99501834	783
19.01172961	744
19.02844088	750
19.04515215	704
19.06186342	712
19.07857469	760
19.09528595	746
19.11199722	778
19.12870849	783
19.14541976	726
19.16213103	747
19.1788423	711
19.19555357	768
19.21226484	794
19.22897611	728
19.24568738	741
19.26239864	736
19.27910991	718
19.29582118	752
19.31253245	719
19.32924372	707
19.34595499	758
19.36266626	703
19.37937753	715
19.3960888	720
19.41280007	735
19.42951133	728
19.4462226	769
19.46293387	777
19.47964514	745
19.49635641	741
19.51306768	719
19.52977895	756
19.54649022	718
19.56320149	723
19.57991275	761
19.59662402	779
19.61333529	749
19.63004656	781
19.64675783	741
19.6634691	754
19.68018037	782
19.69689164	753
19.71360291	761
19.73031418	763
19.74702544	770
19.76373671	706
19.78044798	741
19.79715925	696
19.81387052	773
19.83058179	778
19.84729306	801
19.86400433	694
19.8807156	805
19.89742687	717
19.91413813	747
19.9308494	737
19.94756067	739
19.96427194	755
19.98098321	791
19.99769448	759
20.01440575	762
20.03111702	754
20.04782829	750
20.06453956	762
20.08125082	767
20.09796209	801
20.11467336	728
20.13138463	732
20.1480959	761
20.16480717	781
20.18151844	760
20.19822971	763
20.21494098	749
20.23165225	752
20.24836351	735
20.26507478	777
20.28178605	771
20.29849732	750
20.31520859	763
20.33191986	726
20.34863113	794
20.3653424	782
20.38205367	714
20.39876493	747
20.4154762	783
20.43218747	745
20.44889874	702
20.46561001	760
20.48232128	749
20.49903255	771
20.51574382	788
20.53245509	747
20.54916636	703
20.56587762	791
20.58258889	782
20.59930016	731
20.61601143	742
20.6327227	741
20.64943397	690
20.66614524	759
20.68285651	767
20.69956778	741
20.71627905	762
20.73299031	781
20.74970158	754
20.76641285	724
20.78312412	716
20.79983539	739
20.81654666	753
20.83325793	790
20.8499692	748
20.86668047	712
20.88339174	765
20.900103	739
20.91681427	745
20.93352554	769
20.95023681	787
20.96694808	801
20.98365935	804
21.00037062	759
21.01708189	773
21.03379316	672
21.05050442	736
21.06721569	718
21.08392696	752
21.10063823	743
21.1173495	775
21.13406077	720
21.15077204	767
21.16748331	712
21.18419458	792
21.20090585	719
21.21761711	709
21.23432838	757
21.25103965	743
21.26775092	750
21.28446219	727
21.30117346	728
21.31788473	724
21.334596	737
21.35130727	726
21.36801854	739
21.3847298	716
21.40144107	781
21.41815234	686
21.43486361	761
21.45157488	784
21.46828615	782
21.48499742	754
21.50170869	753
21.51841996	773
21.53513123	735
21.55184249	661
21.56855376	724
21.58526503	820
21.6019763	757
21.61868757	749
21.63539884	697
21.65211011	730
21.66882138	807
21.68553265	746
21.70224392	743
21.71895518	772
21.73566645	744
21.75237772	731
21.76908899	768
21.78580026	745
21.80251153	754
21.8192228	763
21.83593407	794
21.85264534	704
21.8693566	759
21.88606787	747
21.90277914	718
21.91949041	711
21.93620168	727
21.95291295	701
21.96962422	730
21.98633549	747
22.00304676	784
22.01975803	665
22.03646929	801
22.05318056	731
22.06989183	818
22.0866031	726
22.10331437	754
22.12002564	755
22.13673691	701
22.15344818	797
22.17015945	710
22.18687072	758
22.20358198	783
22.22029325	692
22.23700452	746
22.25371579	753
22.27042706	734
22.28713833	770
22.3038496	709
22.32056087	765
22.33727214	724
22.35398341	716
22.37069467	748
22.38740594	779
22.40411721	752
22.42082848	727
22.43753975	770
22.45425102	778
22.47096229	758
22.48767356	766
22.50438483	753
22.5210961	759
22.53780736	777
22.55451863	743
22.5712299	763
22.58794117	765
22.60465244	817
22.62136371	774
22.63807498	772
22.65478625	822
22.67149752	779
22.68820878	804
22.70492005	806
22.72163132	875
22.73834259	760
22.75505386	779
22.77176513	769
22.7884764	769
22.80518767	752
22.82189894	828
22.83861021	816
22.85532147	774
22.87203274	851
22.88874401	763
22.90545528	733
22.92216655	817
22.93887782	830
22.95558909	841
22.97230036	788
22.98901163	871
23.0057229	820
23.02243416	867
23.03914543	844
23.0558567	866
23.07256797	845
23.08927924	795
23.10599051	836
23.12270178	923
23.13941305	882
23.15612432	866
23.17283559	848
23.18954685	890
23.20625812	866
23.22296939	809
23.23968066	858
23.25639193	861
23.2731032	856
23.28981447	849
23.30652574	894
23.32323701	880
23.33994827	832
23.35665954	943
23.37337081	986
23.39008208	888
23.40679335	925
23.42350462	901
23.44021589	899
23.45692716	901
23.47363843	910
23.4903497	976
23.50706096	940
23.52377223	962
23.5404835	927
23.55719477	981
23.57390604	983
23.59061731	964
23.60732858	984
23.62403985	959
23.64075112	965
23.65746239	1043
23.67417365	1013
23.69088492	923
23.70759619	1026
23.72430746	1077
23.74101873	972
23.75773	1006
23.77444127	1008
23.79115254	987
23.80786381	989
23.82457508	1098
23.84128634	1024
23.85799761	1029
23.87470888	1009
23.89142015	1058
23.90813142	1102
23.92484269	1105
23.94155396	1098
23.95826523	1094
23.9749765	1063
23.99168777	1204
24.00839903	1165
24.0251103	1176
24.04182157	1195
24.05853284	1127
24.07524411	1176
24.09195538	1143
24.10866665	1213
24.12537792	1160
24.14208919	1177
24.15880045	1208
24.17551172	1264
24.19222299	1214
24.20893426	1248
24.22564553	1245
24.2423568	1303
24.25906807	1268
24.27577934	1254
24.29249061	1230
24.30920188	1320
24.32591314	1294
24.34262441	1302
24.35933568	1290
24.37604695	1322
24.39275822	1401
24.40946949	1327
24.42618076	1325
24.44289203	1396
24.4596033	1390
24.47631457	1364
24.49302583	1313
24.5097371	1443
24.52644837	1439
24.54315964	1481
24.55987091	1383
24.57658218	1416
24.59329345	1403
24.61000472	1411
24.62671599	1417
24.64342726	1442
24.66013852	1499
24.67684979	1478
24.69356106	1523
24.71027233	1484
24.7269836	1574
24.74369487	1527
24.76040614	1564
24.77711741	1536
24.79382868	1581
24.81053995	1561
24.82725121	1571
24.84396248	1615
24.86067375	1565
24.87738502	1613
24.89409629	1640
24.91080756	1584
24.92751883	1558
24.9442301	1567
24.96094137	1638
24.97765263	1610
24.9943639	1686
25.01107517	1792
25.02778644	1678
25.04449771	1683
25.06120898	1742
25.07792025	1738
25.09463152	1727
25.11134279	1717
25.12805406	1663
25.14476532	1716
25.16147659	1836
25.17818786	1799
25.19489913	1832
25.2116104	1721
25.22832167	1845
25.24503294	1830
25.26174421	1739
25.27845548	1749
25.29516675	1930
25.31187801	1876
25.32858928	1853
25.34530055	1849
25.36201182	1906
25.37872309	1977
25.39543436	1835
25.41214563	1918
25.4288569	1852
25.44556817	1951
25.46227944	1938
25.4789907	1923
25.49570197	1937
25.51241324	1909
25.52912451	1928
25.54583578	1895
25.56254705	1987
25.57925832	1954
25.59596959	1942
25.61268086	1958
25.62939212	1995
25.64610339	1941
25.66281466	1952
25.67952593	1972
25.6962372	2023
25.71294847	1990
25.72965974	2001
25.74637101	2027
25.76308228	2029
25.77979355	2045
25.79650481	2012
25.81321608	1968
25.82992735	2080
25.84663862	1983
25.86334989	2036
25.88006116	2069
25.89677243	2041
25.9134837	2046
25.93019497	1963
25.94690624	2046
25.9636175	2040
25.98032877	2007
25.99704004	2054
26.01375131	2079
26.03046258	2015
26.04717385	2043
26.06388512	1994
26.08059639	2025
26.09730766	2033
26.11401893	2007
26.13073019	2006
26.14744146	2010
26.16415273	2015
26.180864	2018
26.19757527	1951
26.21428654	1989
26.23099781	2028
26.24770908	1956
26.26442035	2015
26.28113162	1971
26.29784288	1991
26.31455415	1977
26.33126542	1959
26.34797669	1976
26.36468796	1967
26.38139923	1947
26.3981105	1899
26.41482177	1944
26.43153304	1933
26.4482443	1933
26.46495557	1919
26.48166684	1953
26.49837811	1959
26.51508938	2040
26.53180065	1956
26.54851192	1823
26.56522319	1998
26.58193446	1953
26.59864573	1995
26.61535699	1880
26.63206826	1928
26.64877953	1913
26.6654908	2003
26.68220207	1950
26.69891334	1925
26.71562461	1926
26.73233588	1898
26.74904715	1817
26.76575842	1904
26.78246968	1908
26.79918095	1825
26.81589222	1802
26.83260349	1790
26.84931476	1882
26.86602603	1849
26.8827373	1864
26.89944857	1772
26.91615984	1887
26.93287111	1763
26.94958237	1730
26.96629364	1759
26.98300491	1781
26.99971618	1807
27.01642745	1785
27.03313872	1805
27.04984999	1812
27.06656126	1747
27.08327253	1791
27.0999838	1715
27.11669506	1695
27.13340633	1729
27.1501176	1734
27.16682887	1756
27.18354014	1652
27.20025141	1726
27.21696268	1692
27.23367395	1686
27.25038522	1716
27.26709648	1652
27.28380775	1653
27.30051902	1724
27.31723029	1703
27.33394156	1632
27.35065283	1714
27.3673641	1577
27.38407537	1721
27.40078664	1644
27.41749791	1678
27.43420917	1585
27.45092044	1682
27.46763171	1621
27.48434298	1580
27.50105425	1607
27.51776552	1656
27.53447679	1665
27.55118806	1636
27.56789933	1626
27.5846106	1735
27.60132186	1599
27.61803313	1584
27.6347444	1708
27.65145567	1723
27.66816694	1671
27.68487821	1606
27.70158948	1592
27.71830075	1587
27.73501202	1625
27.75172329	1674
27.76843455	1613
27.78514582	1614
27.80185709	1647
27.81856836	1632
27.83527963	1630
27.8519909	1599
27.86870217	1641
27.88541344	1736
27.90212471	1605
27.91883597	1635
27.93554724	1593
27.95225851	1619
27.96896978	1661
27.98568105	1638
28.00239232	1746
28.01910359	1560
28.03581486	1691
28.05252613	1732
28.0692374	1712
28.08594866	1640
28.10265993	1708
28.1193712	1683
28.13608247	1736
28.15279374	1688
28.16950501	1722
28.18621628	1745
28.20292755	1659
28.21963882	1734
28.23635009	1786
28.25306135	1807
28.26977262	1764
28.28648389	1844
28.30319516	1761
28.31990643	1748
28.3366177	1783
28.35332897	1780
28.37004024	1773
28.38675151	1847
28.40346278	1780
28.42017404	1878
28.43688531	1921
28.45359658	1829
28.47030785	1801
28.48701912	1858
28.50373039	1892
28.52044166	1903
28.53715293	1942
28.5538642	1909
28.57057547	1868
28.58728673	1941
28.603998	1952
28.62070927	1949
28.63742054	1966
28.65413181	1949
28.67084308	1954
28.68755435	1990
28.70426562	1961
28.72097689	1969
28.73768815	2082
28.75439942	2008
28.77111069	2090
28.78782196	2086
28.80453323	1990
28.8212445	2078
28.83795577	2112
28.85466704	2071
28.87137831	2066
28.88808958	2098
28.90480084	2132
28.92151211	2235
28.93822338	2217
28.95493465	2119
28.97164592	2192
28.98835719	2204
29.00506846	2244
29.02177973	2213
29.038491	2182
29.05520227	2214
29.07191353	2146
29.0886248	2255
29.10533607	2297
29.12204734	2343
29.13875861	2259
29.15546988	2196
29.17218115	2327
29.18889242	2321
29.20560369	2329
29.22231496	2297
29.23902622	2326
29.25573749	2384
29.27244876	2300
29.28916003	2339
29.3058713	2311
29.32258257	2347
29.33929384	2363
29.35600511	2334
29.37271638	2320
29.38942765	2362
29.40613891	2376
29.42285018	2362
29.43956145	2386
29.45627272	2378
29.47298399	2464
29.48969526	2328
29.50640653	2529
29.5231178	2484
29.53982907	2465
29.55654033	2441
29.5732516	2425
29.58996287	2555
29.60667414	2458
29.62338541	2441
29.64009668	2451
29.65680795	2460
29.67351922	2478
29.69023049	2492
29.70694176	2544
29.72365302	2577
29.74036429	2537
29.75707556	2324
29.77378683	2434
29.7904981	2494
29.80720937	2518
29.82392064	2459
29.84063191	2463
29.85734318	2479
29.87405445	2424
29.89076571	2464
29.90747698	2443
29.92418825	2492
29.94089952	2448
29.95761079	2571
29.97432206	2455
29.99103333	2373
30.0077446	2524
30.02445587	2412
30.04116714	2449
30.0578784	2386
30.07458967	2501
30.09130094	2476
30.10801221	2439
30.12472348	2384
30.14143475	2504
30.15814602	2380
30.17485729	2357
30.19156856	2392
30.20827982	2472
30.22499109	2405
30.24170236	2372
30.25841363	2385
30.2751249	2351
30.29183617	2396
30.30854744	2300
30.32525871	2445
30.34196998	2302
30.35868125	2328
30.37539251	2366
30.39210378	2375
30.40881505	2282
30.42552632	2198
30.44223759	2234
30.45894886	2302
30.47566013	2347
30.4923714	2310
30.50908267	2295
30.52579394	2175
30.5425052	2299
30.55921647	2136
30.57592774	2159
30.59263901	2146
30.60935028	2152
30.62606155	2129
30.64277282	2150
30.65948409	2147
30.67619536	2131
30.69290663	2096
30.70961789	2102
30.72632916	2098
30.74304043	2020
30.7597517	2137
30.77646297	2006
30.79317424	2116
30.80988551	2097
30.82659678	2054
30.84330805	2038
30.86001932	1992
30.87673058	1989
30.89344185	1914
30.91015312	1994
30.92686439	1837
30.94357566	1893
30.96028693	1853
30.9769982	1801
30.99370947	1876
31.01042074	1930
31.027132	1771
31.04384327	1798
31.06055454	1791
31.07726581	1741
31.09397708	1797
31.11068835	1713
31.12739962	1711
31.14411089	1694
31.16082216	1725
31.17753343	1734
31.19424469	1651
31.21095596	1684
31.22766723	1581
31.2443785	1626
31.26108977	1573
31.27780104	1615
31.29451231	1620
31.31122358	1616
31.32793485	1579
31.34464612	1551
31.36135738	1619
31.37806865	1486
31.39477992	1405
31.41149119	1458
31.42820246	1388
31.44491373	1427
31.461625	1410
31.47833627	1390
31.49504754	1356
31.51175881	1392
31.52847007	1370
31.54518134	1436
31.56189261	1299
31.57860388	1327
31.59531515	1279
31.61202642	1270
31.62873769	1321
31.64544896	1295
31.66216023	1314
31.6788715	1265
31.69558276	1271
31.71229403	1194
31.7290053	1231
31.74571657	1229
31.76242784	1198
31.77913911	1134
31.79585038	1154
31.81256165	1157
31.82927292	1072
31.84598418	1116
31.86269545	1099
31.87940672	1097
31.89611799	1115
31.91282926	1067
31.92954053	1104
31.9462518	1034
31.96296307	1059
31.97967434	1004
31.99638561	1041
32.01309687	1010
32.02980814	1006
32.04651941	1014
32.06323068	986
32.07994195	972
32.09665322	1001
32.11336449	956
32.13007576	922
32.14678703	992
32.1634983	1016
32.18020956	988
32.19692083	930
32.2136321	930
32.23034337	922
32.24705464	894
32.26376591	887
32.28047718	925
32.29718845	876
32.31389972	882
32.33061099	874
32.34732225	830
32.36403352	843
32.38074479	826
32.39745606	863
32.41416733	823
32.4308786	843
32.44758987	828
32.46430114	848
32.48101241	847
32.49772367	785
32.51443494	796
32.53114621	788
32.54785748	784
32.56456875	792
32.58128002	778
32.59799129	818
32.61470256	791
32.63141383	792
32.6481251	757
32.66483636	755
32.68154763	736
32.6982589	717
32.71497017	741
32.73168144	702
32.74839271	658
32.76510398	754
32.78181525	697
32.79852652	708
32.81523779	724
32.83194905	686
32.84866032	726
32.86537159	688
32.88208286	781
32.89879413	683
32.9155054	743
32.93221667	686
32.94892794	683
32.96563921	696
32.98235048	661
32.99906174	660
33.01577301	709
33.03248428	692
33.04919555	691
33.06590682	626
33.08261809	664
33.09932936	647
33.11604063	608
33.1327519	664
33.14946317	603
33.16617443	650
33.1828857	645
33.19959697	645
33.21630824	698
33.23301951	659
33.24973078	655
33.26644205	693
33.28315332	644
33.29986459	619
33.31657585	690
33.33328712	605
33.34999839	612
33.36670966	597
33.38342093	629
33.4001322	652
33.41684347	599
33.43355474	596
33.45026601	620
33.46697728	617
33.48368854	592
33.50039981	599
33.51711108	595
33.53382235	630
33.55053362	586
33.56724489	579
33.58395616	597
33.60066743	600
33.6173787	570
33.63408997	601
33.65080123	583
33.6675125	568
33.68422377	583
33.70093504	561
33.71764631	591
33.73435758	637
33.75106885	594
33.76778012	581
33.78449139	584
33.80120266	607
33.81791392	630
33.83462519	645
33.85133646	597
33.86804773	597
33.884759	546
33.90147027	622
33.91818154	591
33.93489281	615
33.95160408	570
33.96831534	584
33.98502661	609
34.00173788	580
34.01844915	608
34.03516042	607
34.05187169	506
34.06858296	594
34.08529423	625
34.1020055	597
34.11871677	540
34.13542803	531
34.1521393	592
34.16885057	607
34.18556184	555
34.20227311	572
34.21898438	571
34.23569565	562
34.25240692	551
34.26911819	592
34.28582946	587
34.30254072	571
34.31925199	600
34.33596326	593
34.35267453	550
34.3693858	523
34.38609707	544
34.40280834	592
34.41951961	563
34.43623088	591
34.45294215	569
34.46965341	568
34.48636468	562
34.50307595	501
34.51978722	526
34.53649849	541
34.55320976	529
34.56992103	568
34.5866323	559
34.60334357	545
34.62005484	538
34.6367661	574
34.65347737	528
34.67018864	536
34.68689991	578
34.70361118	586
34.72032245	533
34.73703372	556
34.75374499	519
34.77045626	587
34.78716752	541
34.80387879	536
34.82059006	531
34.83730133	536
34.8540126	571
34.87072387	548
34.88743514	543
34.90414641	519
34.92085768	544
34.93756895	541
34.95428021	503
34.97099148	530
34.98770275	548
35.00441402	544
35.02112529	586
35.03783656	532
35.05454783	539
35.0712591	485
35.08797037	529
35.10468164	527
35.1213929	542
35.13810417	545
35.15481544	567
35.17152671	516
35.18823798	551
35.20494925	562
35.22166052	489
35.23837179	545
35.25508306	549
35.27179433	482
35.28850559	503
35.30521686	506
35.32192813	477
35.3386394	516
35.35535067	498
35.37206194	516
35.38877321	543
35.40548448	497
35.42219575	525
35.43890702	479
35.45561828	516
35.47232955	467
35.48904082	497
35.50575209	523
35.52246336	474
35.53917463	519
35.5558859	521
35.57259717	514
35.58930844	484
35.6060197	515
35.62273097	531
35.63944224	513
35.65615351	503
35.67286478	507
35.68957605	511
35.70628732	469
35.72299859	474
35.73970986	503
35.75642113	516
35.77313239	464
35.78984366	474
35.80655493	499
35.8232662	499
35.83997747	492
35.85668874	508
35.87340001	474
35.89011128	528
35.90682255	467
35.92353382	515
35.94024508	506
35.95695635	516
35.97366762	426
35.99037889	512
36.00709016	513
36.02380143	463
36.0405127	472
36.05722397	499
36.07393524	486
36.09064651	505
36.10735777	488
36.12406904	520
36.14078031	495
36.15749158	495
36.17420285	472
36.19091412	484
36.20762539	442
36.22433666	462
36.24104793	526
36.25775919	474
36.27447046	457
36.29118173	492
36.307893	476
36.32460427	540
36.34131554	470
36.35802681	517
36.37473808	484
36.39144935	501
36.40816062	501
36.42487188	486
36.44158315	481
36.45829442	495
36.47500569	451
36.49171696	508
36.50842823	518
36.5251395	514
36.54185077	466
36.55856204	491
36.57527331	516
36.59198457	492
36.60869584	447
36.62540711	478
36.64211838	491
36.65882965	470
36.67554092	505
36.69225219	512
36.70896346	433
36.72567473	464
36.742386	487
36.75909726	499
36.77580853	507
36.7925198	499
36.80923107	479
36.82594234	450
36.84265361	502
36.85936488	481
36.87607615	465
36.89278742	484
36.90949869	533
36.92620995	493
36.94292122	465
36.95963249	473
36.97634376	472
36.99305503	510
37.0097663	475
37.02647757	478
37.04318884	467
37.05990011	510
37.07661137	465
37.09332264	442
37.11003391	510
37.12674518	488
37.14345645	436
37.16016772	425
37.17687899	477
37.19359026	487
37.21030153	498
37.2270128	470
37.24372406	505
37.26043533	462
37.2771466	464
37.29385787	467
37.31056914	467
37.32728041	479
37.34399168	499
37.36070295	485
37.37741422	485
37.39412549	495
37.41083675	495
37.42754802	447
37.44425929	484
37.46097056	454
37.47768183	481
37.4943931	482
37.51110437	478
37.52781564	474
37.54452691	487
37.56123818	476
37.57794944	475
37.59466071	479
37.61137198	447
37.62808325	492
37.64479452	468
37.66150579	477
37.67821706	482
37.69492833	510
37.7116396	493
37.72835087	476
37.74506213	469
37.7617734	469
37.77848467	502
37.79519594	484
37.81190721	480
37.82861848	508
37.84532975	473
37.86204102	507
37.87875229	478
37.89546355	492
37.91217482	480
37.92888609	429
37.94559736	487
37.96230863	485
37.9790199	511
37.99573117	507
38.01244244	490
38.02915371	473
38.04586498	460
38.06257624	472
38.07928751	466
38.09599878	468
38.11271005	484
38.12942132	452
38.14613259	443
38.16284386	468
38.17955513	462
38.1962664	542
38.21297767	491
38.22968893	469
38.2464002	439
38.26311147	497
38.27982274	495
38.29653401	454
38.31324528	462
38.32995655	477
38.34666782	484
38.36337909	468
38.38009036	498
38.39680162	482
38.41351289	462
38.43022416	446
38.44693543	431
38.4636467	476
38.48035797	517
38.49706924	499
38.51378051	498
38.53049178	477
38.54720304	475
38.56391431	477
38.58062558	488
38.59733685	485
38.61404812	461
38.63075939	493
38.64747066	502
38.66418193	485
38.6808932	465
38.69760447	478
38.71431573	452
38.731027	467
38.74773827	477
38.76444954	517
38.78116081	498
38.79787208	455
38.81458335	446
38.83129462	470
38.84800589	478
38.86471716	487
38.88142842	488
38.89813969	467
38.91485096	473
38.93156223	524
38.9482735	488
38.96498477	490
38.98169604	478
38.99840731	476
39.01511858	467
39.03182985	457
39.04854111	490
39.06525238	450
39.08196365	503
39.09867492	491
39.11538619	449
39.13209746	480
39.14880873	498
39.16552	464
39.18223127	466
39.19894254	504
39.2156538	475
39.23236507	436
39.24907634	472
39.26578761	490
39.28249888	475
39.29921015	468
39.31592142	465
39.33263269	477
39.34934396	470
39.36605522	499
39.38276649	480
39.39947776	473
39.41618903	482
39.4329003	475
39.44961157	501
39.46632284	497
39.48303411	466
39.49974538	486
39.51645665	455
39.53316791	512
39.54987918	473
39.56659045	494
39.58330172	495
39.60001299	525
39.61672426	517
39.63343553	477
39.6501468	491
39.66685807	527
39.68356934	519
39.7002806	516
39.71699187	482
39.73370314	526
39.75041441	532
39.76712568	529
39.78383695	484
39.80054822	484
39.81725949	492
39.83397076	540
39.85068203	500
39.86739329	540
39.88410456	533
39.90081583	527
39.9175271	495
39.93423837	504
39.95094964	539
39.96766091	537
39.98437218	501
40.00108345	523
40.01779472	552
40.03450598	530
40.05121725	538
40.06792852	548
40.08463979	524
40.10135106	546
40.11806233	511
40.1347736	545
40.15148487	528
40.16819614	523
40.1849074	557
40.20161867	564
40.21832994	554
40.23504121	570
40.25175248	575
40.26846375	566
40.28517502	543
40.30188629	521
40.31859756	563
40.33530883	571
40.35202009	559
40.36873136	602
40.38544263	559
40.4021539	570
40.41886517	546
40.43557644	606
40.45228771	587
40.46899898	616
40.48571025	563
40.50242152	620
40.51913278	590
40.53584405	629
40.55255532	629
40.56926659	625
40.58597786	592
40.60268913	652
40.6194004	631
40.63611167	627
40.65282294	607
40.66953421	620
40.68624547	658
40.70295674	657
40.71966801	634
40.73637928	661
40.75309055	667
40.76980182	659
40.78651309	665
40.80322436	646
40.81993563	682
40.83664689	704
40.85335816	731
40.87006943	703
40.8867807	698
40.90349197	715
40.92020324	682
40.93691451	693
40.95362578	708
40.97033705	722
40.98704832	710
41.00375958	731
41.02047085	715
41.03718212	766
41.05389339	770
41.07060466	755
41.08731593	770
41.1040272	763
41.12073847	716
41.13744974	728
41.15416101	748
41.17087227	783
41.18758354	762
41.20429481	757
41.22100608	774
41.23771735	766
41.25442862	754
41.27113989	777
41.28785116	830
41.30456243	786
41.3212737	790
41.33798496	812
41.35469623	871
41.3714075	898
41.38811877	857
41.40483004	866
41.42154131	784
41.43825258	818
41.45496385	864
41.47167512	812
41.48838639	877
41.50509765	867
41.52180892	832
41.53852019	898
41.55523146	953
41.57194273	882
41.588654	847
41.60536527	946
41.62207654	910
41.63878781	919
41.65549907	944
41.67221034	935
41.68892161	863
41.70563288	911
41.72234415	926
41.73905542	932
41.75576669	933
41.77247796	958
41.78918923	975
41.8059005	947
41.82261176	997
41.83932303	950
41.8560343	1023
41.87274557	986
41.88945684	964
41.90616811	954
41.92287938	1016
41.93959065	1026
41.95630192	930
41.97301319	996
41.98972445	1071
42.00643572	1030
42.02314699	1012
42.03985826	1020
42.05656953	1037
42.0732808	956
42.08999207	1013
42.10670334	1079
42.12341461	1094
42.14012588	1067
42.15683714	1032
42.17354841	1156
42.19025968	1058
42.20697095	1015
42.22368222	1059
42.24039349	1058
42.25710476	1035
42.27381603	1105
42.2905273	1086
42.30723857	1059
42.32394983	1068
42.3406611	1109
42.35737237	1114
42.37408364	1055
42.39079491	1062
42.40750618	1104
42.42421745	1129
42.44092872	1103
42.45763999	1114
42.47435125	1112
42.49106252	1156
42.50777379	1053
42.52448506	1142
42.54119633	1140
42.5579076	1122
42.57461887	1065
42.59133014	1138
42.60804141	1138
42.62475268	1150
42.64146394	1117
42.65817521	1148
42.67488648	1067
42.69159775	1112
42.70830902	1113
42.72502029	1132
42.74173156	1115
42.75844283	1181
42.7751541	1152
42.79186537	1188
42.80857663	1102
42.8252879	1150
42.84199917	1168
42.85871044	1166
42.87542171	1188
42.89213298	1190
42.90884425	1164
42.92555552	1100
42.94226679	1117
42.95897806	1173
42.97568932	1181
42.99240059	1088
43.00911186	1099
43.02582313	1166
43.0425344	1142
43.05924567	1127
43.07595694	1108
43.09266821	1087
43.10937948	1073
43.12609074	1119
43.14280201	1096
43.15951328	1131
43.17622455	1097
43.19293582	1101
43.20964709	1065
43.22635836	1152
43.24306963	1164
43.2597809	1124
43.27649217	1136
43.29320343	1101
43.3099147	1143
43.32662597	1101
43.34333724	1087
43.36004851	1039
43.37675978	1092
43.39347105	1111
43.41018232	1114
43.42689359	1104
43.44360486	1085
43.46031612	1055
43.47702739	1076
43.49373866	1054
43.51044993	1112
43.5271612	1049
43.54387247	1075
43.56058374	1058
43.57729501	1098
43.59400628	1065
43.61071755	1145
43.62742881	1035
43.64414008	1087
43.66085135	1112
43.67756262	1042
43.69427389	1110
43.71098516	1072
43.72769643	977
43.7444077	1022
43.76111897	1042
43.77783024	999
43.7945415	1035
43.81125277	1026
43.82796404	995
43.84467531	996
43.86138658	995
43.87809785	1021
43.89480912	968
43.91152039	979
43.92823166	970
43.94494292	953
43.96165419	928
43.97836546	977
43.99507673	954
44.011788	995
44.02849927	959
44.04521054	949
44.06192181	995
44.07863308	876
44.09534435	921
44.11205561	944
44.12876688	926
44.14547815	887
44.16218942	936
44.17890069	860
44.19561196	884
44.21232323	879
44.2290345	895
44.24574577	883
44.26245704	923
44.2791683	883
44.29587957	849
44.31259084	822
44.32930211	799
44.34601338	855
44.36272465	848
44.37943592	847
44.39614719	910
44.41285846	826
44.42956973	833
44.44628099	855
44.46299226	823
44.47970353	836
44.4964148	801
44.51312607	838
44.52983734	869
44.54654861	812
44.56325988	783
44.57997115	788
44.59668242	759
44.61339368	741
44.63010495	747
44.64681622	791
44.66352749	769
44.68023876	740
44.69695003	730
44.7136613	750
44.73037257	746
44.74708384	737
44.7637951	718
44.78050637	741
44.79721764	734
44.81392891	723
44.83064018	734
44.84735145	756
44.86406272	683
44.88077399	730
44.89748526	665
44.91419653	703
44.93090779	778
44.94761906	716
44.96433033	689
44.9810416	717
44.99775287	675
45.01446414	635
45.03117541	702
45.04788668	653
45.06459795	692
45.08130922	677
45.09802048	680
45.11473175	675
45.13144302	721
45.14815429	627
45.16486556	640
45.18157683	660
45.1982881	665
45.21499937	653
45.23171064	620
45.24842191	587
45.26513317	628
45.28184444	650
45.29855571	574
45.31526698	617
45.33197825	641
45.34868952	646
45.36540079	606
45.38211206	596
45.39882333	589
45.41553459	607
45.43224586	562
45.44895713	619
45.4656684	604
45.48237967	587
45.49909094	581
45.51580221	583
45.53251348	612
45.54922475	546
45.56593602	552
45.58264728	609
45.59935855	550
45.61606982	568
45.63278109	520
45.64949236	563
45.66620363	551
45.6829149	566
45.69962617	531
45.71633744	548
45.73304871	538
45.74975997	535
45.76647124	541
45.78318251	552
45.79989378	551
45.81660505	543
45.83331632	575
45.85002759	569
45.86673886	555
45.88345013	536
45.9001614	506
45.91687266	521
45.93358393	542
45.9502952	531
45.96700647	504
45.98371774	543
46.00042901	506
46.01714028	505
46.03385155	501
46.05056282	523
46.06727409	511
46.08398535	504
46.10069662	505
46.11740789	493
46.13411916	480
46.15083043	528
46.1675417	469
46.18425297	498
46.20096424	487
46.21767551	527
46.23438677	513
46.25109804	460
46.26780931	539
46.28452058	554
46.30123185	489
46.31794312	498
46.33465439	476
46.35136566	505
46.36807693	512
46.3847882	543
46.40149946	505
46.41821073	493
46.434922	506
46.45163327	501
46.46834454	482
46.48505581	494
46.50176708	502
46.51847835	474
46.53518962	507
46.55190089	490
46.56861215	459
46.58532342	459
46.60203469	486
46.61874596	501
46.63545723	475
46.6521685	470
46.66887977	467
46.68559104	461
46.70230231	476
46.71901358	504
46.73572484	501
46.75243611	491
46.76914738	484
46.78585865	503
46.80256992	499
46.81928119	482
46.83599246	436
46.85270373	494
46.869415	485
46.88612627	486
46.90283753	473
46.9195488	460
46.93626007	467
46.95297134	447
46.96968261	473
46.98639388	469
47.00310515	463
47.01981642	501
47.03652769	450
47.05323895	502
47.06995022	473
47.08666149	441
47.10337276	459
47.12008403	466
47.1367953	452
47.15350657	476
47.17021784	502
47.18692911	451
47.20364038	497
47.22035164	436
47.23706291	465
47.25377418	470
47.27048545	485
47.28719672	501
47.30390799	488
47.32061926	451
47.33733053	510
47.3540418	488
47.37075307	494
47.38746433	505
47.4041756	450
47.42088687	431
47.43759814	477
47.45430941	477
47.47102068	447
47.48773195	489
47.50444322	504
47.52115449	475
47.53786576	477
47.55457702	470
47.57128829	454
47.58799956	497
47.60471083	527
47.6214221	493
47.63813337	494
47.65484464	466
47.67155591	444
47.68826718	502
47.70497844	473
47.72168971	437
47.73840098	510
47.75511225	516
47.77182352	518
47.78853479	488
47.80524606	476
47.82195733	513
47.8386686	526
47.85537987	485
47.87209113	470
47.8888024	491
47.90551367	492
47.92222494	529
47.93893621	535
47.95564748	494
47.97235875	455
47.98907002	549
48.00578129	446
48.02249256	487
48.03920382	523
48.05591509	501
48.07262636	475
48.08933763	559
48.1060489	492
48.12276017	482
48.13947144	567
48.15618271	505
48.17289398	529
48.18960525	531
48.20631651	516
48.22302778	556
48.23973905	519
48.25645032	570
48.27316159	546
48.28987286	518
48.30658413	518
48.3232954	548
48.34000667	512
48.35671794	504
48.3734292	565
48.39014047	555
48.40685174	531
48.42356301	553
48.44027428	574
48.45698555	583
48.47369682	572
48.49040809	529
48.50711936	597
48.52383062	555
48.54054189	571
48.55725316	631
48.57396443	562
48.5906757	586
48.60738697	642
48.62409824	602
48.64080951	553
48.65752078	612
48.67423205	610
48.69094331	614
48.70765458	617
48.72436585	661
48.74107712	631
48.75778839	676
48.77449966	640
48.79121093	691
48.8079222	661
48.82463347	651
48.84134474	680
48.858056	672
48.87476727	652
48.89147854	635
48.90818981	699
48.92490108	654
48.94161235	648
48.95832362	689
48.97503489	685
48.99174616	694
49.00845743	696
49.02516869	680
49.04187996	716
49.05859123	648
49.0753025	686
49.09201377	698
49.10872504	765
49.12543631	712
49.14214758	706
49.15885885	777
49.17557012	770
49.19228138	734
49.20899265	730
49.22570392	792
49.24241519	739
49.25912646	810
49.27583773	720
49.292549	794
49.30926027	793
49.32597154	850
49.3426828	744
49.35939407	755
49.37610534	766
49.39281661	786
49.40952788	762
49.42623915	834
49.44295042	787
49.45966169	812
49.47637296	806
49.49308423	811
49.50979549	835
49.52650676	858
49.54321803	860
49.5599293	886
49.57664057	803
49.59335184	873
49.61006311	903
49.62677438	915
49.64348565	805
49.66019692	900
49.67690818	913
49.69361945	846
49.71033072	871
49.72704199	863
49.74375326	925
49.76046453	943
49.7771758	926
49.79388707	952
49.81059834	941
49.82730961	885
49.84402087	930
49.86073214	987
49.87744341	1008
49.89415468	969
49.91086595	887
49.92757722	1000
49.94428849	913
49.96099976	952
49.97771103	973
49.99442229	940
50.01113356	978
50.02784483	994
50.0445561	970
50.06126737	1015
50.07797864	1013
50.09468991	1030
50.11140118	1038
50.12811245	1008
50.14482372	974
50.16153498	995
50.17824625	1029
50.19495752	1032
50.21166879	1064
50.22838006	1032
50.24509133	983
50.2618026	1043
50.27851387	1010
50.29522514	1059
50.31193641	1063
50.32864767	1026
50.34535894	1063
50.36207021	1059
50.37878148	1049
50.39549275	1009
50.41220402	1052
50.42891529	1023
50.44562656	1025
50.46233783	1000
50.4790491	1042
50.49576036	1138
50.51247163	1072
50.5291829	1036
50.54589417	1040
50.56260544	1119
50.57931671	1078
50.59602798	1011
50.61273925	1003
50.62945052	1021
50.64616179	1086
50.66287305	1097
50.67958432	1041
50.69629559	1046
50.71300686	1041
50.72971813	1051
50.7464294	1060
50.76314067	1077
50.77985194	1054
50.79656321	1048
50.81327447	1065
50.82998574	1088
50.84669701	1010
50.86340828	1096
50.88011955	1094
50.89683082	1047
50.91354209	1068
50.93025336	1053
50.94696463	1024
50.9636759	1087
50.98038716	1077
50.99709843	1165
51.0138097	1042
51.03052097	1073
51.04723224	1038
51.06394351	1104
51.08065478	1089
51.09736605	1007
51.11407732	1087
51.13078859	1009
51.14749985	941
51.16421112	1072
51.18092239	1162
51.19763366	1020
51.21434493	1077
51.2310562	1076
51.24776747	1079
51.26447874	1049
51.28119001	983
51.29790128	1041
51.31461254	1064
51.33132381	1062
51.34803508	1033
51.36474635	1014
51.38145762	1109
51.39816889	1006
51.41488016	1036
51.43159143	1017
51.4483027	1045
51.46501396	1064
51.48172523	994
51.4984365	1046
51.51514777	992
51.53185904	992
51.54857031	1047
51.56528158	1013
51.58199285	995
51.59870412	952
51.61541539	1015
51.63212665	971
51.64883792	1011
51.66554919	1002
51.68226046	1026
51.69897173	969
51.715683	976
51.73239427	971
51.74910554	1006
51.76581681	968
51.78252808	918
51.79923934	977
51.81595061	876
51.83266188	989
51.84937315	931
51.86608442	951
51.88279569	973
51.89950696	936
51.91621823	934
51.9329295	964
51.94964077	1052
51.96635203	888
51.9830633	946
51.99977457	870
52.01648584	902
52.03319711	935
52.04990838	913
52.06661965	897
52.08333092	956
52.10004219	937
52.11675346	924
52.13346472	893
52.15017599	898
52.16688726	898
52.18359853	924
52.2003098	895
52.21702107	837
52.23373234	888
52.25044361	831
52.26715488	905
52.28386614	846
52.30057741	867
52.31728868	943
52.33399995	817
52.35071122	862
52.36742249	824
52.38413376	875
52.40084503	796
52.4175563	862
52.43426757	869
52.45097883	823
52.4676901	758
52.48440137	842
52.50111264	767
52.51782391	842
52.53453518	846
52.55124645	836
52.56795772	793
52.58466899	820
52.60138026	842
52.61809152	774
52.63480279	793
52.65151406	812
52.66822533	780
52.6849366	844
52.70164787	821
52.71835914	788
52.73507041	754
52.75178168	811
52.76849295	727
52.78520421	749
52.80191548	800
52.81862675	798
52.83533802	798
52.85204929	783
52.86876056	747
52.88547183	721
52.9021831	755
52.91889437	716
52.93560564	747
52.9523169	640
52.96902817	759
52.98573944	758
53.00245071	758
53.01916198	677
53.03587325	790
53.05258452	691
53.06929579	705
53.08600706	732
53.10271832	670
53.11942959	698
53.13614086	749
53.15285213	718
53.1695634	707
53.18627467	622
53.20298594	669
53.21969721	691
53.23640848	667
53.25311975	706
53.26983101	660
53.28654228	696
53.30325355	679
53.31996482	702
53.33667609	651
53.35338736	706
53.37009863	705
53.3868099	631
53.40352117	678
53.42023244	665
53.4369437	696
53.45365497	663
53.47036624	681
53.48707751	641
53.50378878	665
53.52050005	624
53.53721132	648
53.55392259	657
53.57063386	599
53.58734513	646
53.60405639	650
53.62076766	624
53.63747893	619
53.6541902	604
53.67090147	622
53.68761274	663
53.70432401	622
53.72103528	634
53.73774655	590
53.75445781	578
53.77116908	591
53.78788035	638
53.80459162	595
53.82130289	614
53.83801416	588
53.85472543	645
53.8714367	597
53.88814797	593
53.90485924	575
53.9215705	642
53.93828177	550
53.95499304	564
53.97170431	583
53.98841558	580
54.00512685	618
54.02183812	592
54.03854939	588
54.05526066	558
54.07197193	565
54.08868319	580
54.10539446	586
54.12210573	591
54.138817	567
54.15552827	567
54.17223954	546
54.18895081	548
54.20566208	586
54.22237335	535
54.23908462	557
54.25579588	561
54.27250715	545
54.28921842	539
54.30592969	546
54.32264096	590
54.33935223	543
54.3560635	538
54.37277477	564
54.38948604	556
54.40619731	497
54.42290857	533
54.43961984	512
54.45633111	508
54.47304238	529
54.48975365	499
54.50646492	529
54.52317619	499
54.53988746	526
54.55659873	497
54.57330999	550
54.59002126	538
54.60673253	484
54.6234438	546
54.64015507	546
54.65686634	529
54.67357761	478
54.69028888	513
54.70700015	533
54.72371142	526
54.74042268	468
54.75713395	536
54.77384522	499
54.79055649	511
54.80726776	474
54.82397903	478
54.8406903	531
54.85740157	504
54.87411284	486
54.89082411	537
54.90753537	477
54.92424664	484
54.94095791	442
54.95766918	486
54.97438045	473
54.99109172	443
55.00780299	455
55.02451426	454
55.04122553	499
55.0579368	456
55.07464806	497
55.09135933	525
55.1080706	460
55.12478187	468
55.14149314	454
55.15820441	454
55.17491568	479
55.19162695	494
55.20833822	438
55.22504949	470
55.24176075	452
55.25847202	414
55.27518329	429
55.29189456	431
55.30860583	448
55.3253171	430
55.34202837	438
55.35873964	459
55.37545091	434
55.39216217	441
55.40887344	427
55.42558471	467
55.44229598	413
55.45900725	397
55.47571852	433
55.49242979	451
55.50914106	478
55.52585233	472
55.5425636	413
55.55927486	415
55.57598613	411
55.5926974	408
55.60940867	464
55.62611994	436
55.64283121	377
55.65954248	411
55.67625375	423
55.69296502	413
55.70967629	433
55.72638755	398
55.74309882	395
55.75981009	392
55.77652136	423
55.79323263	389
55.8099439	456
55.82665517	416
55.84336644	419
55.86007771	380
55.87678898	423
55.89350024	367
55.91021151	362
55.92692278	397
55.94363405	387
55.96034532	438
55.97705659	403
55.99376786	397
56.01047913	372
56.0271904	397
56.04390166	398
56.06061293	388
56.0773242	381
56.09403547	368
56.11074674	391
56.12745801	385
56.14416928	367
56.16088055	398
56.17759182	376
56.19430309	379
56.21101435	365
56.22772562	422
56.24443689	365
56.26114816	372
56.27785943	360
56.2945707	368
56.31128197	388
56.32799324	354
56.34470451	357
56.36141578	402
56.37812704	364
56.39483831	383
56.41154958	377
56.42826085	405
56.44497212	361
56.46168339	422
56.47839466	398
56.49510593	367
56.5118172	415
56.52852847	364
56.54523973	403
56.561951	372
56.57866227	375
56.59537354	353
56.61208481	370
56.62879608	366
56.64550735	374
56.66221862	402
56.67892989	418
56.69564116	341
56.71235242	350
56.72906369	377
56.74577496	376
56.76248623	345
56.7791975	353
56.79590877	378
56.81262004	360
56.82933131	384
56.84604258	357
56.86275384	360
56.87946511	363
56.89617638	372
56.91288765	351
56.92959892	349
56.94631019	370
56.96302146	329
56.97973273	379
56.996444	342
57.01315527	351
57.02986653	388
57.0465778	361
57.06328907	310
57.08000034	339
57.09671161	332
57.11342288	342
57.13013415	401
57.14684542	358
57.16355669	380
57.18026796	379
57.19697922	371
57.21369049	367
57.23040176	365
57.24711303	371
57.2638243	360
57.28053557	358
57.29724684	366
57.31395811	334
57.33066938	376
57.34738065	383
57.36409191	349
57.38080318	333
57.39751445	337
57.41422572	366
57.43093699	417
57.44764826	330
57.46435953	349
57.4810708	346
57.49778207	359
57.51449334	350
57.5312046	358
57.54791587	351
57.56462714	375
57.58133841	352
57.59804968	334
57.61476095	338
57.63147222	342
57.64818349	348
57.66489476	321
57.68160602	350
57.69831729	370
57.71502856	327
57.73173983	362
57.7484511	348
57.76516237	347
57.78187364	368
57.79858491	340
57.81529618	354
57.83200745	380
57.84871871	368
57.86542998	374
57.88214125	387
57.89885252	339
57.91556379	353
57.93227506	370
57.94898633	373
57.9656976	346
57.98240887	355
57.99912014	320
58.0158314	357
58.03254267	348
58.04925394	358
58.06596521	317
58.08267648	333
58.09938775	351
58.11609902	355
58.13281029	306
58.14952156	339
58.16623283	349
58.18294409	359
58.19965536	345
58.21636663	334
58.2330779	335
58.24978917	366
58.26650044	323
58.28321171	313
58.29992298	367
58.31663425	373
58.33334551	351
58.35005678	330
58.36676805	353
58.38347932	367
58.40019059	345
58.41690186	387
58.43361313	359
58.4503244	385
58.46703567	335
58.48374694	379
58.5004582	366
58.51716947	337
58.53388074	354
58.55059201	367
58.56730328	332
58.58401455	358
58.60072582	357
58.61743709	361
58.63414836	359
58.65085963	368
58.66757089	333
58.68428216	367
58.70099343	388
58.7177047	372
58.73441597	341
58.75112724	358
58.76783851	348
58.78454978	350
58.80126105	330
58.81797232	339
58.83468358	336
58.85139485	320
58.86810612	370
58.88481739	332
58.90152866	359
58.91823993	368
58.9349512	325
58.95166247	353
58.96837374	364
58.98508501	350
59.00179627	326
59.01850754	347
59.03521881	342
59.05193008	307
59.06864135	344
59.08535262	314
59.10206389	336
59.11877516	335
59.13548643	364
59.15219769	353
59.16890896	342
59.18562023	350
59.2023315	345
59.21904277	404
59.23575404	365
59.25246531	317
59.26917658	344
59.28588785	347
59.30259912	326
59.31931038	339
59.33602165	375
59.35273292	350
59.36944419	362
59.38615546	337
59.40286673	353
59.419578	367
59.43628927	325
59.45300054	348
59.46971181	329
59.48642307	317
59.50313434	334
59.51984561	332
59.53655688	336
59.55326815	344
59.56997942	367
59.58669069	365
59.60340196	372
59.62011323	339
59.6368245	374
59.65353576	355
59.67024703	387
59.6869583	378
59.70366957	328
59.72038084	345
59.73709211	328
59.75380338	344
59.77051465	323
59.78722592	354
59.80393719	334
59.82064845	378
59.83735972	370
59.85407099	334
59.87078226	333
59.88749353	355
59.9042048	354
59.92091607	381
59.93762734	362
59.95433861	380
59.97104987	354
59.98776114	335
60.00447241	378
60.02118368	388
60.03789495	338
60.05460622	373
60.07131749	338
60.08802876	336
60.10474003	360
60.1214513	353
60.13816256	346
60.15487383	345
60.1715851	364
60.18829637	366
60.20500764	372
60.22171891	385
60.23843018	374
60.25514145	325
60.27185272	366
60.28856399	340
60.30527525	379
60.32198652	411
60.33869779	364
60.35540906	360
60.37212033	362
60.3888316	357
60.40554287	408
60.42225414	348
60.43896541	396
60.45567668	351
60.47238794	402
60.48909921	344
60.50581048	386
60.52252175	366
60.53923302	388
60.55594429	350
60.57265556	387
60.58936683	404
60.6060781	352
60.62278936	389
60.63950063	388
60.6562119	415
60.67292317	417
60.68963444	384
60.70634571	384
60.72305698	391
60.73976825	353
60.75647952	390
60.77319079	387
60.78990205	395
60.80661332	390
60.82332459	417
60.84003586	365
60.85674713	391
60.8734584	386
60.89016967	426
60.90688094	387
60.92359221	390
60.94030348	375
60.95701474	370
60.97372601	400
60.99043728	418
61.00714855	355
61.02385982	399
61.04057109	377
61.05728236	403
61.07399363	423
61.0907049	387
61.10741617	379
61.12412743	370
61.1408387	406
61.15754997	350
61.17426124	401
61.19097251	455
61.20768378	441
61.22439505	363
61.24110632	399
61.25781759	363
61.27452886	401
61.29124012	392
61.30795139	397
61.32466266	451
61.34137393	397
61.3580852	429
61.37479647	409
61.39150774	430
61.40821901	426
61.42493028	417
61.44164154	409
61.45835281	429
61.47506408	406
61.49177535	391
61.50848662	454
61.52519789	444
61.54190916	385
61.55862043	436
61.5753317	443
61.59204297	425
61.60875423	378
61.6254655	414
61.64217677	447
61.65888804	389
61.67559931	406
61.69231058	424
61.70902185	414
61.72573312	428
61.74244439	408
61.75915566	444
61.77586692	406
61.79257819	385
61.80928946	451
61.82600073	402
61.842712	392
61.85942327	440
61.87613454	417
61.89284581	442
61.90955708	462
61.92626835	391
61.94297961	416
61.95969088	424
61.97640215	417
61.99311342	401
62.00982469	395
62.02653596	384
62.04324723	453
62.0599585	463
62.07666977	402
62.09338104	436
62.1100923	437
62.12680357	439
62.14351484	402
62.16022611	428
62.17693738	449
62.19364865	463
62.21035992	444
62.22707119	424
62.24378246	427
62.26049372	440
62.27720499	441
62.29391626	439
62.31062753	444
62.3273388	452
62.34405007	422
62.36076134	444
62.37747261	436
62.39418388	404
62.41089515	495
62.42760641	425
62.44431768	466
62.46102895	436
62.47774022	436
62.49445149	428
62.51116276	446
62.52787403	434
62.5445853	433
62.56129657	448
62.57800784	406
62.5947191	398
62.61143037	437
62.62814164	455
62.64485291	443
62.66156418	449
62.67827545	419
62.69498672	431
62.71169799	419
62.72840926	416
62.74512053	415
62.76183179	465
62.77854306	415
62.79525433	402
62.8119656	434
62.82867687	376
62.84538814	387
62.86209941	411
62.87881068	429
62.89552195	434
62.91223321	440
62.92894448	393
62.94565575	446
62.96236702	415
62.97907829	433
62.99578956	427
63.01250083	406
63.0292121	393
63.04592337	421
63.06263464	441
63.0793459	415
63.09605717	390
63.11276844	440
63.12947971	403
63.14619098	403
63.16290225	415
63.17961352	388
63.19632479	387
63.21303606	438
63.22974733	410
63.24645859	428
63.26316986	439
63.27988113	397
63.2965924	396
63.31330367	376
63.33001494	422
63.34672621	446
63.36343748	396
63.38014875	393
63.39686002	443
63.41357128	374
63.43028255	413
63.44699382	397
63.46370509	399
63.48041636	410
63.49712763	417
63.5138389	426
63.53055017	376
63.54726144	370
63.56397271	361
63.58068397	398
63.59739524	406
63.61410651	416
63.63081778	366
63.64752905	384
63.66424032	406
63.68095159	390
63.69766286	401
63.71437413	391
63.73108539	370
63.74779666	384
63.76450793	393
63.7812192	367
63.79793047	390
63.81464174	424
63.83135301	405
63.84806428	428
63.86477555	363
63.88148682	390
63.89819808	393
63.91490935	374
63.93162062	381
63.94833189	375
63.96504316	355
63.98175443	401
63.9984657	391
64.01517697	355
64.03188824	380
64.04859951	365
64.06531077	396
64.08202204	355
64.09873331	401
64.11544458	393
64.13215585	377
64.14886712	391
64.16557839	380
64.18228966	362
64.19900093	384
64.2157122	379
64.23242346	363
64.24913473	377
64.265846	370
64.28255727	381
64.29926854	384
64.31597981	388
64.33269108	362
64.34940235	378
64.36611362	353
64.38282489	355
64.39953615	370
64.41624742	357
64.43295869	346
64.44966996	330
64.46638123	388
64.4830925	371
64.49980377	385
64.51651504	349
64.53322631	398
64.54993757	370
64.56664884	340
64.58336011	329
64.60007138	362
64.61678265	358
64.63349392	351
64.65020519	357
64.66691646	373
64.68362773	351
64.700339	366
64.71705026	334
64.73376153	368
64.7504728	329
64.76718407	370
64.78389534	358
64.80060661	332
64.81731788	324
64.83402915	380
64.85074042	361
64.86745169	371
64.88416295	338
64.90087422	342
64.91758549	346
64.93429676	306
64.95100803	392
64.9677193	336
64.98443057	317
65.00114184	374
65.01785311	354
65.03456438	348
65.05127564	324
65.06798691	332
65.08469818	327
65.10140945	401
65.11812072	319
65.13483199	337
65.15154326	387
65.16825453	368
65.1849658	346
65.20167706	354
65.21838833	376
65.2350996	352
65.25181087	349
65.26852214	354
65.28523341	376
65.30194468	339
65.31865595	320
65.33536722	339
65.35207849	344
65.36878975	338
65.38550102	360
65.40221229	346
65.41892356	371
65.43563483	354
65.4523461	341
65.46905737	391
65.48576864	334
65.50247991	340
65.51919118	359
65.53590244	350
65.55261371	395
65.56932498	357
65.58603625	333
65.60274752	336
65.61945879	364
65.63617006	340
65.65288133	358
65.6695926	327
65.68630387	357
65.70301513	362
65.7197264	374
65.73643767	357
65.75314894	376
65.76986021	354
65.78657148	338
65.80328275	326
65.81999402	346
65.83670529	330
65.85341656	370
65.87012782	335
65.88683909	348
65.90355036	375
65.92026163	368
65.9369729	361
65.95368417	337
65.97039544	335
65.98710671	366
66.00381798	345
66.02052924	344
66.03724051	338
66.05395178	368
66.07066305	341
66.08737432	373
66.10408559	351
66.12079686	362
66.13750813	375
66.1542194	348
66.17093067	357
66.18764193	368
66.2043532	351
66.22106447	368
66.23777574	348
66.25448701	338
66.27119828	345
66.28790955	336
66.30462082	359
66.32133209	333
66.33804336	381
66.35475462	387
66.37146589	373
66.38817716	364
66.40488843	350
66.4215997	367
66.43831097	396
66.45502224	364
66.47173351	372
66.48844478	377
66.50515605	364
66.52186731	368
66.53857858	388
66.55528985	339
66.57200112	381
66.58871239	366
66.60542366	377
66.62213493	361
66.6388462	404
66.65555747	366
66.67226874	363
66.68898	367
66.70569127	416
66.72240254	384
66.73911381	398
66.75582508	383
66.77253635	399
66.78924762	417
66.80595889	434
66.82267016	412
66.83938142	415
66.85609269	387
66.87280396	408
66.88951523	402
66.9062265	403
66.92293777	399
66.93964904	406
66.95636031	384
66.97307158	423
66.98978285	397
67.00649411	392
67.02320538	385
67.03991665	358
67.05662792	429
67.07333919	435
67.09005046	428
67.10676173	366
67.123473	397
67.14018427	417
67.15689554	401
67.1736068	416
67.19031807	436
67.20702934	386
67.22374061	421
67.24045188	417
67.25716315	410
67.27387442	452
67.29058569	393
67.30729696	393
67.32400823	421
67.34071949	400
67.35743076	419
67.37414203	431
67.3908533	411
67.40756457	440
67.42427584	437
67.44098711	428
67.45769838	450
67.47440965	438
67.49112091	447
67.50783218	429
67.52454345	428
67.54125472	422
67.55796599	385
67.57467726	414
67.59138853	443
67.6080998	493
67.62481107	452
67.64152234	410
67.6582336	415
67.67494487	469
67.69165614	459
67.70836741	412
67.72507868	448
67.74178995	480
67.75850122	477
67.77521249	451
67.79192376	439
67.80863503	442
67.82534629	441
67.84205756	470
67.85876883	452
67.8754801	463
67.89219137	447
67.90890264	465
67.92561391	451
67.94232518	480
67.95903645	468
67.97574772	501
67.99245898	504
68.00917025	477
68.02588152	503
68.04259279	460
68.05930406	484
68.07601533	485
68.0927266	511
68.10943787	499
68.12614914	518
68.14286041	523
68.15957167	473
68.17628294	470
68.19299421	491
68.20970548	476
68.22641675	487
68.24312802	484
68.25983929	490
68.27655056	500
68.29326183	517
68.30997309	520
68.32668436	518
68.34339563	501
68.3601069	512
68.37681817	490
68.39352944	494
68.41024071	467
68.42695198	495
68.44366325	518
68.46037452	514
68.47708578	507
68.49379705	502
68.51050832	511
68.52721959	449
68.54393086	468
68.56064213	457
68.5773534	485
68.59406467	478
68.61077594	486
68.62748721	567
68.64419847	501
68.66090974	526
68.67762101	544
68.69433228	514
68.71104355	527
68.72775482	515
68.74446609	521
68.76117736	556
68.77788863	535
68.7945999	505
68.81131116	550
68.82802243	544
68.8447337	535
68.86144497	503
68.87815624	537
68.89486751	512
68.91157878	511
68.92829005	569
68.94500132	517
68.96171258	515
68.97842385	508
68.99513512	529
69.01184639	581
69.02855766	499
69.04526893	537
69.0619802	520
69.07869147	527
69.09540274	556
69.11211401	535
69.12882527	516
69.14553654	531
69.16224781	571
69.17895908	550
69.19567035	570
69.21238162	515
69.22909289	576
69.24580416	568
69.26251543	539
69.2792267	517
69.29593796	584
69.31264923	559
69.3293605	581
69.34607177	523
69.36278304	538
69.37949431	551
69.39620558	528
69.41291685	575
69.42962812	526
69.44633939	544
69.46305065	537
69.47976192	555
69.49647319	554
69.51318446	528
69.52989573	591
69.546607	556
69.56331827	550
69.58002954	531
69.59674081	568
69.61345208	562
69.63016334	569
69.64687461	543
69.66358588	551
69.68029715	570
69.69700842	608
69.71371969	568
69.73043096	572
69.74714223	586
69.7638535	532
69.78056476	584
69.79727603	549
69.8139873	634
69.83069857	545
69.84740984	546
69.86412111	613
69.88083238	590
69.89754365	586
69.91425492	575
69.93096619	527
69.94767745	591
69.96438872	651
69.98109999	565
69.99781126	566
70.01452253	605
70.0312338	597
70.04794507	580
70.06465634	589
70.08136761	594
70.09807888	591
70.11479014	568
70.13150141	554
70.14821268	605
70.16492395	559
70.18163522	595
70.19834649	533
70.21505776	596
70.23176903	575
70.2484803	543
70.26519157	554
70.28190283	579
70.2986141	556
70.31532537	539
70.33203664	571
70.34874791	642
70.36545918	568
70.38217045	543
70.39888172	549
70.41559299	596
70.43230426	596
70.44901552	606
70.46572679	582
70.48243806	596
70.49914933	628
70.5158606	558
70.53257187	579
70.54928314	554
70.56599441	554
70.58270568	507
70.59941694	544
70.61612821	544
70.63283948	542
70.64955075	578
70.66626202	563
70.68297329	525
70.69968456	569
70.71639583	567
70.7331071	607
70.74981837	583
70.76652963	586
70.7832409	609
70.79995217	593
70.81666344	565
70.83337471	532
70.85008598	535
70.86679725	562
70.88350852	568
70.90021979	593
70.91693106	570
70.93364232	568
70.95035359	578
70.96706486	542
70.98377613	554
71.0004874	576
71.01719867	569
71.03390994	508
71.05062121	556
71.06733248	540
71.08404375	568
71.10075501	587
71.11746628	633
71.13417755	524
71.15088882	543
71.16760009	544
71.18431136	535
71.20102263	543
71.2177339	554
71.23444517	550
71.25115643	549
71.2678677	556
71.28457897	546
71.30129024	515
71.31800151	572
71.33471278	516
71.35142405	538
71.36813532	541
71.38484659	542
71.40155786	489
71.41826912	511
71.43498039	532
71.45169166	564
71.46840293	555
71.4851142	572
71.50182547	572
71.51853674	527
71.53524801	558
71.55195928	500
71.56867055	544
71.58538181	518
71.60209308	521
71.61880435	502
71.63551562	531
71.65222689	561
71.66893816	552
71.68564943	530
71.7023607	556
71.71907197	521
71.73578324	546
71.7524945	507
71.76920577	528
71.78591704	531
71.80262831	481
71.81933958	514
71.83605085	511
71.85276212	516
71.86947339	499
71.88618466	453
71.90289593	479
71.91960719	488
71.93631846	502
71.95302973	479
71.969741	461
71.98645227	464
72.00316354	510
72.01987481	443
72.03658608	477
72.05329735	482
72.07000861	513
72.08671988	477
72.10343115	459
72.12014242	449
72.13685369	476
72.15356496	481
72.17027623	459
72.1869875	389
72.20369877	493
72.22041004	474
72.2371213	470
72.25383257	476
72.27054384	424
72.28725511	461
72.30396638	463
72.32067765	460
72.33738892	444
72.35410019	453
72.37081146	467
72.38752273	464
72.40423399	447
72.42094526	433
72.43765653	419
72.4543678	391
72.47107907	452
72.48779034	454
72.50450161	436
72.52121288	435
72.53792415	410
72.55463542	430
72.57134668	429
72.58805795	419
72.60476922	393
72.62148049	428
72.63819176	384
72.65490303	434
72.6716143	413
72.68832557	452
72.70503684	422
72.72174811	406
72.73845937	416
72.75517064	442
72.77188191	388
72.78859318	426
72.80530445	417
72.82201572	387
72.83872699	417
72.85543826	422
72.87214953	427
72.88886079	421
72.90557206	429
72.92228333	389
72.9389946	377
72.95570587	384
72.97241714	392
72.98912841	428
73.00583968	423
73.02255095	409
73.03926222	376
73.05597348	365
73.07268475	365
73.08939602	352
73.10610729	411
73.12281856	371
73.13952983	401
73.1562411	384
73.17295237	390
73.18966364	349
73.20637491	361
73.22308617	365
73.23979744	317
73.25650871	375
73.27321998	350
73.28993125	367
73.30664252	398
73.32335379	376
73.34006506	348
73.35677633	375
73.3734876	378
73.39019886	361
73.40691013	383
73.4236214	373
73.44033267	358
73.45704394	384
73.47375521	346
73.49046648	344
73.50717775	365
73.52388902	406
73.54060028	348
73.55731155	330
73.57402282	347
73.59073409	337
73.60744536	336
73.62415663	348
73.6408679	352
73.65757917	341
73.67429044	357
73.69100171	362
73.70771297	351
73.72442424	316
73.74113551	316
73.75784678	336
73.77455805	335
73.79126932	353
73.80798059	346
73.82469186	335
73.84140313	347
73.8581144	326
73.87482566	337
73.89153693	326
73.9082482	327
73.92495947	299
73.94167074	295
73.95838201	346
73.97509328	312
73.99180455	323
74.00851582	302
74.02522709	324
74.04193835	311
74.05864962	363
74.07536089	321
74.09207216	332
74.10878343	326
74.1254947	347
74.14220597	341
74.15891724	339
74.17562851	297
74.19233978	327
74.20905104	306
74.22576231	287
74.24247358	290
74.25918485	309
74.27589612	337
74.29260739	330
74.30931866	349
74.32602993	317
74.3427412	287
74.35945246	324
74.37616373	322
74.392875	323
74.40958627	328
74.42629754	308
74.44300881	330
74.45972008	282
74.47643135	313
74.49314262	306
74.50985389	298
74.52656515	326
74.54327642	316
74.55998769	309
74.57669896	308
74.59341023	312
74.6101215	306
74.62683277	321
74.64354404	301
74.66025531	317
74.67696658	358
74.69367784	344
74.71038911	319
74.72710038	323
74.74381165	345
74.76052292	299
74.77723419	315
74.79394546	336
74.81065673	317
74.827368	308
74.84407927	286
74.86079053	286
74.8775018	342
74.89421307	320
74.91092434	330
74.92763561	300
74.94434688	325
74.96105815	288
74.97776942	309
74.99448069	307
75.01119196	296
75.02790322	286
75.04461449	275
75.06132576	334
75.07803703	327
75.0947483	332
75.11145957	320
75.12817084	326
75.14488211	281
75.16159338	327
75.17830464	275
75.19501591	315
75.21172718	290
75.22843845	303
75.24514972	322
75.26186099	337
75.27857226	295
75.29528353	327
75.3119948	333
75.32870607	328
75.34541733	340
75.3621286	334
75.37883987	327
75.39555114	306
75.41226241	304
75.42897368	278
75.44568495	289
75.46239622	334
75.47910749	315
75.49581876	330
75.51253002	299
75.52924129	328
75.54595256	332
75.56266383	324
75.5793751	311
75.59608637	333
75.61279764	290
75.62950891	320
75.64622018	322
75.66293145	334
75.67964271	287
75.69635398	307
75.71306525	286
75.72977652	362
75.74648779	346
75.76319906	345
75.77991033	319
75.7966216	335
75.81333287	311
75.83004413	311
75.8467554	265
75.86346667	299
75.88017794	301
75.89688921	291
75.91360048	341
75.93031175	321
75.94702302	319
75.96373429	291
75.98044556	306
75.99715682	320
76.01386809	315
76.03057936	302
76.04729063	320
76.0640019	352
76.08071317	303
76.09742444	328
76.11413571	346
76.13084698	291
76.14755825	335
76.16426951	330
76.18098078	328
76.19769205	350
76.21440332	350
76.23111459	346
76.24782586	335
76.26453713	339
76.2812484	315
76.29795967	287
76.31467094	357
76.3313822	349
76.34809347	324
76.36480474	335
76.38151601	316
76.39822728	325
76.41493855	361
76.43164982	335
76.44836109	328
76.46507236	302
76.48178363	339
76.49849489	328
76.51520616	375
76.53191743	347
76.5486287	336
76.56533997	340
76.58205124	352
76.59876251	366
76.61547378	362
76.63218505	315
76.64889631	334
76.66560758	375
76.68231885	334
76.69903012	362
76.71574139	302
76.73245266	380
76.74916393	372
76.7658752	387
76.78258647	324
76.79929774	336
76.816009	359
76.83272027	358
76.84943154	350
76.86614281	358
76.88285408	345
76.89956535	379
76.91627662	348
76.93298789	357
76.94969916	339
76.96641043	366
76.98312169	334
76.99983296	361
77.01654423	360
77.0332555	371
77.04996677	326
77.06667804	359
77.08338931	378
77.10010058	348
77.11681185	350
77.13352312	376
77.15023438	350
77.16694565	366
77.18365692	388
77.20036819	363
77.21707946	353
77.23379073	366
77.250502	374
77.26721327	351
77.28392454	386
77.30063581	364
77.31734707	365
77.33405834	362
77.35076961	377
77.36748088	361
77.38419215	414
77.40090342	368
77.41761469	388
77.43432596	360
77.45103723	380
77.46774849	401
77.48445976	380
77.50117103	396
77.5178823	381
77.53459357	370
77.55130484	355
77.56801611	385
77.58472738	403
77.60143865	396
77.61814992	378
77.63486118	393
77.65157245	387
77.66828372	350
77.68499499	357
77.70170626	371
77.71841753	358
77.7351288	355
77.75184007	353
77.76855134	380
77.78526261	423
77.80197387	388
77.81868514	380
77.83539641	366
77.85210768	410
77.86881895	401
77.88553022	410
77.90224149	389
77.91895276	406
77.93566403	381
77.9523753	428
77.96908656	399
77.98579783	386
78.0025091	391
78.01922037	389
78.03593164	380
78.05264291	388
78.06935418	396
78.08606545	402
78.10277672	397
78.11948798	409
78.13619925	381
78.15291052	392
78.16962179	404
78.18633306	448
78.20304433	396
78.2197556	399
78.23646687	428
78.25317814	412
78.26988941	397
78.28660067	390
78.30331194	405
78.32002321	436
78.33673448	387
78.35344575	418
78.37015702	409
78.38686829	413
78.40357956	381
78.42029083	387
78.4370021	402
78.45371336	419
78.47042463	406
78.4871359	378
78.50384717	411
78.52055844	416
78.53726971	425
78.55398098	383
78.57069225	388
78.58740352	437
78.60411479	418
78.62082605	409
78.63753732	402
78.65424859	415
78.67095986	421
78.68767113	431
78.7043824	381
78.72109367	411
78.73780494	386
78.75451621	406
78.77122748	415
78.78793874	398
78.80465001	434
78.82136128	365
78.83807255	389
78.85478382	384
78.87149509	426
78.88820636	375
78.90491763	351
78.9216289	408
78.93834016	409
78.95505143	375
78.9717627	397
78.98847397	399
79.00518524	434
79.02189651	396
79.03860778	389
79.05531905	442
79.07203032	409
79.08874159	399
79.10545285	434
79.12216412	436
79.13887539	413
79.15558666	387
79.17229793	392
79.1890092	413
79.20572047	399
79.22243174	408
79.23914301	409
79.25585428	404
79.27256554	402
79.28927681	384
79.30598808	354
79.32269935	395
79.33941062	411
79.35612189	399
79.37283316	399
79.38954443	311
79.4062557	365
79.42296697	365
79.43967823	351
79.4563895	374
79.47310077	374
79.48981204	378
79.50652331	345
79.52323458	396
79.53994585	358
79.55665712	372
79.57336839	380
79.59007966	388
79.60679092	401
79.62350219	411
79.64021346	360
79.65692473	384
79.673636	427
79.69034727	412
79.70705854	403
79.72376981	388
79.74048108	374
79.75719234	384
79.77390361	408
79.79061488	400
79.80732615	380
79.82403742	387
79.84074869	373
79.85745996	387
79.87417123	320
79.8908825	338
79.90759377	349
79.92430503	373
79.9410163	400
79.95772757	393
79.97443884	385
79.99115011	351
